((("fH0" .
   [1 0 0])
  ("while" .
   [1 0 0 0 0])
  ("MainFrame" .
   [0 0 0 0 0 1 0 0 0])
  ("40" .
   [1 0])
  ("left" .
   [1 0 0 0])
  ("left__1" .
   [0 0 0 1 0 0 0])
  ("55459" .
   [0 0 1 0 0])
  ("50" .
   [1 0])
  ("leftnopmt" .
   [2 0 0 0 0 0 2 0 0])
  ("LegName" .
   [0 0 1 1 0 0 1])
  ("62" .
   [1 0])
  ("55" .
   [1 0])
  ("f1" .
   [1 0])
  ("f2" .
   [2 0])
  ("f3" .
   [2 0])
  ("f4" .
   [1 0])
  ("shijianlisan" .
   [1 0 0 0 0 0 0 0 0 0 0 0])
  ("Write" .
   [0 0 0 1 0])
  ("PosShortX" .
   [2 0 0 0 0 0 0 0 0])
  ("endl" .
   [2 0 0 0])
  ("tempdis" .
   [2 0 0 0 0 2 0])
  ("600" .
   [1 0 0])
  ("(double __x)" .
   [0 0 0 0 0 0 0 0 0 0 0 1])
  ("sqrt" .
   [1 0 0 0])
  ("10" .
   [10 1])
  ("Fill" .
   [3 0 0 0])
  ("4" .
   [1])
  ("he" .
   [9 0])
  ("mark" .
   [4 0 0 0])
  ("flag" .
   [3 0 0 0])
  ("Time" .
   [7 0 0 0])
  ("2" .
   [6])
  ("cout" .
   [3 0 0 0])
  ("6" .
   [1])
  ("EDep" .
   [2 0 0 0])
  ("c_str" .
   [1 0 0 0 0])
  ("2048" .
   [1 0 0 0])
  ("BETA2_bin" .
   [0 0 0 0 1 0 0 0 0])
  ("T" .
   [3])
  ("abs" .
   [2 0 0])
  ("std" .
   [7 0 0])
  ("inc" .
   [2 0 0])
  ("include" .
   [1 0 0 1 0 0 0])
  ("1" .
   [21])
  ("S" .
   [1])
  ("SelectLinesStyle" .
   [0 0 0 1 0 0 0 0 0 0 0 0 0 0 0 0])
  ("int" .
   [4 0 0])
  ("number" .
   [1 0 0 0 0 0])
  ("fenge" .
   [0 0 4 0 0])
  ("SetBit_16" .
   [1 0 0 0 0 0 0 0 0])
  ("SetBit_32" .
   [1 0 0 0 0 0 0 0 0])
  ("void" .
   [5 0 0 0])
  ("AutomaticSearch" .
   [0 0 1 0 0 0 0 0 0 0 0 0 0 0 1])
  ("new" .
   [1 0 0])
  ("TGraph" .
   [0 0 0 0 0 1])
  ("for" .
   [2 0 5])
  ("22" .
   [2 0])
  ("SetPoint" .
   [0 0 0 0 1 0 0 0])
  ("(Int_t i, Double_t x, Double_t y)" .
   [0 0 0 0 0 0 0 0 0 0 0 0 0 0 0 0 0 0 0 0 0 0 0 0 0 0 0 0 0 0 0 0 1])
  ("xxx" .
   [1 0 0])
  ("data" .
   [1 0 0 0])
  ("flagii" .
   [2 0 0 0 1 0])
  ("g1" .
   [3 0])
  ("g2" .
   [3 0])
  ("delete" .
   [2 0 0 0 0 0])
  ("double" .
   [1 0 0 1 0 1])
  ("106" .
   [1 0 0])
  ("Interpolation" .
   [0 0 1 0 0 1 0 0 0 0 0 0 0])
  ("Eval" .
   [0 0 0 1])
  ("(Double_t x{#, TSpline *spline{#, Option_t *option#}#})" .
   [0 0 0 0 0 0 0 0 0 0 0 1 0 0 0 0 0 0 0 0 0 0 0 0 0 0 0 0 0 0 0 0 0 0 0 0 0 0 0 0 0 0 0 0 0 0 0 0 0 0 0 0 0 0 0])
  ("0" .
   [13])
  ("tempdouble" .
   [0 0 0 0 1 3 0 0 0 0])
  ("if" .
   [3 0])
  ("i" .
   [13])
  ("y_min" .
   [1 0 0 0 0])
  ("01" .
   [1 0])
  ("wurootTFile" .
   [0 0 0 0 0 0 1 1 2 0 0])
  ("real" .
   [1 0 0 1])
  ("TH1" .
   [2 0 0])
  ("h" .
   [5])
  ("h1" .
   [1 0])
  ("h2" .
   [2 0])
  ("./123" .
   [0 0 0 0 1])
  ("20" .
   [1 0])
  ("15" .
   [1 0])
  ("wurootinclude" .
   [0 0 0 0 0 0 0 2 0 0 0 0 0])
  ("draw" .
   [1 0 0 0])
  ("TFile" .
   [1 0 0 0 0])
  ("TH1D" .
   [3 0 0 0])
  ("char" .
   [2 0 0 0])
  ("sprintf" .
   [1 0 0 0 0 0 0])
  ("filename" .
   [3 0 0 0 0 0 0 0])
  ("Draw" .
   [3 0 0 0])
  ("else" .
   [2 0 0 0])
  ("wurootTCanvas" .
   [0 0 0 0 0 0 0 0 2 0 0 0 0])
  ("SetLineColor" .
   [0 0 0 0 0 1 0 1 0 0 0 0])
  ("(Color_t lcolor)" .
   [0 0 0 0 0 0 0 0 0 0 0 0 0 0 0 1])
  ("wurootTLegend" .
   [0 0 0 0 0 0 0 0 3 0 0 0 0])
  ("80" .
   [2 0])
  ("82" .
   [2 0])
  ("5" .
   [1])
  ("SetTitle" .
   [0 0 0 0 0 1 0 0])
  ("(const char *title)" .
   [0 1 0 0 0 0 0 0 0 0 0 0 0 0 0 0 0 0 0])
  ("100" .
   [2 0 0])
  ("1000" .
   [2 0 0 0])
  ("200" .
   [1 0 0])
  ("tdc1" .
   [2 0 0 0])
  ("tdc2" .
   [2 0 0 0])
  ("DelTDC" .
   [0 0 0 1 0 0])
  ("main" .
   [0 0 1 0])
  ("wurootTRint" .
   [0 0 0 0 0 0 1 0 0 0 0])
  ("wucppargcargv" .
   [0 0 0 0 0 0 1 0 0 0 0 0 0])
  ("wucppinclude" .
   [0 0 0 0 0 0 1 0 0 0 0 0])
  ("N" .
   [1])
  ("gRandom" .
   [0 0 1 0 0 0 0])
  ("Gaus" .
   [0 0 1 0])
  ("({#Double_t mean{#, Double_t sigma#}#})" .
   [0 1 0 0 0 0 0 0 0 0 0 0 0 0 0 0 0 0 0 0 0 0 0 0 0 0 0 0 0 0 0 0 0 0 0 0 0 0 0])
  ("TDCADD" .
   [3 0 0 0 0 0])))
