((("({#const char *title#})" .
   [0 1 0 0 0 0 0 0 0 0 0 0 0 0 0 0 0 0 0 0 0 0 0])
  ("SetTitle" .
   [0 0 0 0 1 0 0 0])
  ("GetXaxis" .
   [0 0 0 0 1 0 0 0])
  ("flagPPAC" .
   [1 0 0 0 0 0 0 0])
  ("CountR09" .
   [0 0 0 0 0 0 0 1])
  ("r" .
   [4])
  ("B" .
   [2])
  ("A" .
   [2])
  ("req2" .
   [1 0 0 0])
  ("wuhttp" .
   [0 0 0 1 0 0])
  ("open_port" .
   [0 0 0 0 1 0 0 0 0])
  ("wufile" .
   [1 0 0 1 1 0])
  ("file_names" .
   [0 0 0 0 0 1 0 0 0 0])
  ("wuFile" .
   [1 0 0 2 0 0])
  ("11025" .
   [2 0 0 0 0])
  ("SetLogy" .
   [0 0 0 0 1 0 0])
  ("adc" .
   [1 0 0])
  ("(Double_t x)" .
   [0 1 0 0 0 0 0 0 0 0 0 0])
  ("(char *restrict __s, const char *restrict __format)" .
   [0 0 0 0 0 0 0 0 0 0 0 0 0 0 0 0 0 0 0 0 0 0 0 0 0 0 0 0 0 0 0 0 0 0 0 0 0 0 0 0 0 0 0 0 0 0 0 0 0 0 1])
  ("sprintf" .
   [0 0 0 1 0 0 0])
  ("Divide" .
   [0 0 0 1 0 0])
  ("qdc2" .
   [2 0 0 0])
  ("tdc2" .
   [3 0 0 0])
  ("qdc1" .
   [2 0 0 0])
  ("tdc1" .
   [3 0 0 0])
  ("wuROOTHistogramRand" .
   [0 0 0 1 0 0 0 0 0 0 0 0 0 0 0 0 0 0 0])
  ("gROOT" .
   [1 0 0 0 0])
  ("leftTDC" .
   [0 0 0 1 0 0 0])
  ("single" .
   [1 0 0 0 0 0])
  ("ch" .
   [2 0])
  ("logicPMT2" .
   [1 0 0 0 0 0 0 0 0])
  ("G4Colour" .
   [1 0 0 0 0 0 0 0])
  ("1415926" .
   [1 0 0 0 0 0 0])
  ("96" .
   [1 0])
  ("SB" .
   [2 0])
  ("name2" .
   [8 0 0 0 0])
  ("SB01" .
   [2 0 0 0])
  ("G4String" .
   [0 0 0 0 0 0 0 1])
  ("logicShortBar" .
   [0 0 0 0 0 0 1 0 0 0 0 0 0])
  ("solidShortBar" .
   [0 0 0 0 0 0 1 0 0 0 0 0 0])
  ("shortbarZ" .
   [0 0 0 0 0 1 0 0 0])
  ("shortbarX" .
   [0 0 1 0 0 0 0 0 0])
  ("DistanceFrontPlate" .
   [0 0 1 0 0 0 0 0 0 0 0 0 0 0 0 0 0 1])
  ("BC408" .
   [0 0 1 0 0])
  ("solidPlate" .
   [0 0 0 0 0 0 1 0 0 0])
  ("PlateY" .
   [0 0 0 0 0 1])
  ("PlateZ" .
   [1 0 1 0 0 1])
  ("physDSSD" .
   [0 0 0 0 0 1 0 0])
  ("DSSD" .
   [1 0 0 0])
  ("logicDSSD" .
   [0 0 0 0 0 4 0 0 0])
  ("dssdZ" .
   [0 0 0 1 1])
  ("dssdY" .
   [0 0 0 0 1])
  ("dssdX" .
   [0 0 0 0 1])
  ("solidDSSD" .
   [1 0 0 0 0 0 0 0 0])
  ("shortbarY" .
   [0 0 3 1 0 0 0 0 0])
  ("G4double" .
   [0 0 0 1 1 11 0 0])
  ("sizeXY" .
   [1 0 0 0 0 0])
  ("Pictures/N15p50" .
   [1 0 0 0 0 0 0 0 0 0 0 0 0 0 0])
  ("试验次数N=100" .
   [2 0 0 0 0 0 0 0 0])
  ("试验次数N=15" .
   [1 0 0 0 0 0 0 0])
  ("Pictures/" .
   [0 0 0 0 0 0 0 0 1])
  ("conditions" .
   [1 0 0 0 0 0 0 0 0 0])
  ("under" .
   [1 0 0 0 0])
  ("What" .
   [1 0 0 0])
  ("attenuation" .
   [1 0 0 0 0 0 0 0 0 0 0])
  ("value" .
   [2 0 0 0 0])
  ("counting" .
   [1 0 0 0 0 0 0 0])
  ("beam" .
   [1 0 0 0])
  ("sample" .
   [1 0 0 0 0 0])
  ("given" .
   [1 0 0 0 0])
  ("any" .
   [1 0 0])
  ("detector" .
   [2 0 0 0 0 0 0 0])
  ("into" .
   [1 0 0 0])
  ("are" .
   [2 0 0])
  ("The" .
   [2 0 0])
  ("sheet" .
   [3 0 0 0 0])
  ("be" .
   [1 0])
  ("thickness" .
   [2 0 0 0 0 0 0 0 0])
  ("2、The" .
   [1 0 0 0 0])
  ("course" .
   [1 0 0 0 0 0])
  ("during" .
   [1 0 0 0 0 0])
  ("than" .
   [1 0 0 0])
  ("we" .
   [1 0])
  ("which" .
   [1 0 0 0 0])
  ("will" .
   [3 0 0 0])
  ("condition" .
   [1 0 0 0 0 0 0 0 0])
  ("or" .
   [1 0])
  ("simplification" .
   [1 0 0 0 0 0 0 0 0 0 0 0 0 0])
  ("Gaussian" .
   [0 0 0 1 0 0 0 0])
  ("from" .
   [1 0 0 0])
  ("probability" .
   [1 0 0 0 0 0 0 0 0 0 0])
  ("observation" .
   [1 0 0 0 0 0 0 0 0 0 0])
  ("nuclei" .
   [1 0 0 0 0 0])
  ("radioactive" .
   [1 0 0 0 0 0 0 0 0 0 0])
  ("with" .
   [2 0 0 0])
  ("small" .
   [2 0 0 0 0])
  ("that" .
   [3 0 0 0])
  ("constant" .
   [2 0 0 0 0 0 0 0])
  ("Binomial" .
   [0 0 0 0 1 0 0 0])
  ("model" .
   [1 0 0 0 0])
  ("This" .
   [2 0 0 0])
  ("Distribution" .
   [1 0 1 1 0 0 0 0 0 0 0 0])
  ("in" .
   [6 0])
  ("large" .
   [2 0 0 0 0])
  ("where" .
   [1 0 0 0 0])
  ("is" .
   [13 0])
  ("all" .
   [1 0 0])
  ("MeV" .
   [0 0 1])
  ("Make" .
   [1 0 0 0])
  ("kFALSE" .
   [2 0 1 0 0 0])
  ("XXXXXXXXXXXXXXXXXXXXXXXXXXXXXXXXXXXXXXXXXXXXXXXXXXXXXXXXXXXXXXXXX" .
   [0 0 0 0 0 0 0 0 0 1 0 0 0 0 0 0 0 0 0 0 0 0 0 0 0 0 0 0 0 0 0 0 0 0 0 0 0 0 0 0 0 0 0 0 0 0 0 0 0 0 0 0 0 0 0 0 0 0 0 0 0 0 0 0 0])
  ("102400" .
   [2 0 0 0 0 0])
  ("1280" .
   [1 0 0 0])
  ("压缩后长度" .
   [1 0 0 0 0])
  ("160" .
   [1 0 0])
  ("buf" .
   [1 0 0])
  ("TAC" .
   [2 0 0])
  ("s。" .
   [2 0])
  ("答：" .
   [3 0])
  ("解：" .
   [1 0])
  ("1-t" .
   [1 0 0])
  ("L-l" .
   [1 0 0])
  ("usepackage" .
   [0 0 0 0 1 0 0 0 0 0])
  ("4g" .
   [1 0])
  ("5c" .
   [1 0])
  ("fT" .
   [1 0])
  ("选择定则" .
   [1 0 0 0])
  ("跃迁分类" .
   [1 0 0 0])
  ("9" .
   [14])
  ("2||" .
   [2 0 0])
  ("e" .
   [2])
  ("approx" .
   [0 0 0 0 0 2])
  ("ec" .
   [2 0])
  ("1/2" .
   [2 0 0])
  ("n+1" .
   [1 0 0])
  ("pm" .
   [1 0])
  ("I=" .
   [1 0])
  ("级禁戒跃迁的选择定则如下" .
   [0 0 0 0 0 0 0 0 1 0 0 0])
  ("f+1" .
   [1 0 0])
  ("i=I" .
   [1 0 0])
  ("i=" .
   [1 0])
  ("s=0" .
   [2 0 0])
  ("-1" .
   [1 0])
  ("--" .
   [1 0])
  ("-i" .
   [1 0])
  ("，" .
   [4])
  ("17" .
   [3 0])
  ("to" .
   [6 0])
  ("Z" .
   [4])
  ("F" .
   [2])
  ("I" .
   [7])
  ("p+dp" .
   [2 0 0 0])
  ("到" .
   [1])
  ("2dp" .
   [1 0 0])
  ("M" .
   [9])
  ("m-E" .
   [3 0 0])
  ("可得：" .
   [1 0 0])
  ("将式" .
   [2 0])
  ("，即" .
   [1 0])
  ("6dE" .
   [1 0 0])
  ("2p" .
   [2 0])
  ("pi" .
   [9 0])
  ("dn" .
   [4 0])
  ("*" .
   [1])
  ("*u" .
   [2 0])
  ("g" .
   [2])
  ("mathbf" .
   [0 0 2 5 4 0])
  ("u" .
   [4])
  ("f" .
   [16])
  ("psi" .
   [4 0 0])
  ("hbar" .
   [2 0 1 3])
  ("2+" .
   [1 0])
  ("keV" .
   [3 0 0])
  ("。" .
   [2])
  ("5E" .
   [1 0])
  ("1+" .
   [1 0])
  ("1EA" .
   [1 0 0])
  ("E/1000" .
   [3 0 0 0 0 0])
  ("ln" .
   [3 0])
  ("Sigma" .
   [1 0 0 0 0])
  ("其中，" .
   [4 0 0])
  ("v" .
   [13])
  ("0v" .
   [1 0])
  ("-2" .
   [2 0])
  ("keV/ug" .
   [0 0 1 0 0 0])
  ("dx" .
   [4 0])
  ("dE" .
   [9 0])
  ("circ" .
   [2 0 0 0])
  ("tau" .
   [4 0 0])
  ("myinput" .
   [0 0 1 0 0 0 0])
  ("(char **restrict __lineptr, size_t *restrict __n, FILE *restrict __stream)" .
   [0 1 0 0 0 0 0 0 0 0 0 0 0 0 0 0 0 0 0 0 0 0 0 0 0 0 0 0 0 0 0 0 0 0 0 0 0 0 0 0 0 0 0 0 0 0 0 0 0 0 0 0 0 0 0 0 0 0 0 0 0 0 0 0 0 0 0 0 0 0 0 0 0 0])
  ("getline" .
   [0 0 0 0 1 1 0])
  ("cite" .
   [1 0 2 0])
  ("218" .
   [2 0 0])
  ("220" .
   [1 0 0])
  ("222" .
   [2 0 0])
  ("、" .
   [14])
  ("Rn" .
   [4 0])
  ("ERS-2-S" .
   [0 1 0 0 0 0 0])
  ("yiqi" .
   [1 0 0 0])
  ("fig" .
   [1 0 0])
  ("ref" .
   [5 0 0])
  ("Rn-220" .
   [1 0 0 0 0 0])
  ("ret" .
   [3 0 0])
  ("printf" .
   [3 0 0 0 1 0])
  ("alias" .
   [1 0 0 0 1])
  ("中" .
   [1])
  ("13" .
   [5 0])
  ("射程与能量" .
   [0 0 0 1 0])
  ("R" .
   [3])
  ("mm" .
   [9 0])
  ("和" .
   [4])
  ("SRIM" .
   [2 0 0 0])
  ("E" .
   [18])
  ("GetX" .
   [0 0 0 1])
  ("fitFcn" .
   [0 0 0 1 0 0])
  ("g1" .
   [1 0])
  ("(Double_t x, Double_t y)" .
   [0 1 0 0 0 0 0 0 0 0 0 0 0 0 0 0 0 0 0 0 0 0 0 0])
  ("Power" .
   [0 1 0 0 0])
  ("({#size_type __pos{#, size_type __n#}#})" .
   [0 1 0 0 0 0 0 0 0 0 0 0 0 0 0 0 0 0 0 0 0 0 0 0 0 0 0 0 0 0 0 0 0 0 0 0 0 0 0 0])
  ("erase" .
   [1 0 0 0 0])
  ("keyAuth" .
   [0 0 0 0 2 0 0])
  ("s" .
   [10])
  ("Par4" .
   [2 0 0 0])
  ("Par3" .
   [3 0 0 0])
  ("UsedTimesString" .
   [0 0 0 0 1 0 0 0 0 0 0 0 0 0 0])
  ("DeadTime" .
   [0 0 1 0 0 0 0 0])
  ("DeadTimeString" .
   [1 0 0 0 0 0 0 0 0 0 0 0 0 0])
  ("Par2" .
   [2 0 0 0])
  ("Par1" .
   [3 0 0 0])
  ("Authorize" .
   [1 0 1 0 1 0 0 0 0])
  ("HEUNeutronHPPhysics" .
   [0 0 0 0 1 0 0 0 0 0 0 0 0 0 0 0 0 0 0])
  ("G4VModularPhysicsList" .
   [0 0 0 0 1 0 0 0 0 0 0 0 0 0 0 0 0 0 0 0 0])
  ("HEUPhysicsList" .
   [0 0 0 1 0 0 0 0 0 0 0 0 0 0])
  ("G4UserSteppingAction" .
   [0 0 0 1 0 0 0 0 0 0 0 0 0 0 0 0 0 0 0 0])
  ("HEUSteppingAction" .
   [0 0 1 0 0 0 0 0 0 0 0 0 0 0 0 0 0])
  ("ellipse" .
   [1 0 0 0 0 0 0])
  ("PGF" .
   [1 0 0])
  ("and" .
   [7 0 0])
  ("averageY" .
   [0 0 2 0 0 0 0 0])
  ("averageX" .
   [0 0 2 0 0 0 0 0])
  ("unitbin" .
   [0 0 0 1 1 0 0])
  ("threshold" .
   [1 0 0 0 0 0 0 0 0])
  ("Value" .
   [0 0 4 0 0])
  ("141592653" .
   [2 0 0 0 0 0 0 0 0])
  ("asin" .
   [2 0 0 0])
  ("cosphi" .
   [1 0 0 0 4 0])
  ("sinphi" .
   [1 0 0 0 5 0])
  ("(" .
   [3])
  ("cd" .
   [4 1])
  ("TH3D" .
   [0 1 0 0])
  ("costheta" .
   [1 0 0 0 0 1 0 0])
  ("xi2" .
   [11 0 0])
  ("xi1" .
   [10 0 0])
  ("unit" .
   [0 0 0 1])
  ("qquad" .
   [1 0 0 0 0])
  ("flag4" .
   [1 0 0 0 0])
  ("false" .
   [3 0 0 1 0])
  ("h4" .
   [6 0])
  ("h3" .
   [6 0])
  ("z4" .
   [12 0])
  ("z3" .
   [12 0])
  ("Delta" .
   [18 0 0 0 2])
  ("flag3" .
   [2 0 1 0 0])
  ("goto" .
   [4 0 4 1])
  ("GetBinContent" .
   [0 0 1 0 0 0 0 0 0 0 0 0 0])
  ("vanriance" .
   [0 0 0 5 0 0 0 0 6])
  ("hh" .
   [9 0])
  ("Reset" .
   [1 0 0 0 0])
  ("D" .
   [15])
  ("DataMemberInfo_t" .
   [0 0 1 0 0 0 0 0 0 0 0 0 0 0 0 0])
  ("Dvalue" .
   [0 0 2 1 0 0])
  ("h2" .
   [21 0])
  ("zr" .
   [9 0])
  ("h1" .
   [15 0])
  ("z" .
   [2])
  ("zl" .
   [10 0])
  ("7" .
   [2])
  ("8" .
   [4])
  ("x1" .
   [1 0])
  ("linex" .
   [9 0 0 0 0])
  ("TDAQPCTask" .
   [0 0 0 1 0 0 0 0 0 0])
  ("TCAMACLink" .
   [0 0 1 0 0 0 0 0 0 0])
  ("ConstructParticle" .
   [0 0 1 0 0 0 0 0 0 0 0 0 0 0 0 0 0])
  ("ConstructProcess" .
   [1 0 1 0 0 0 0 0 0 0 0 0 0 0 0 0])
  ("G4VPhysicsConstructor" .
   [0 1 0 1 0 0 0 0 0 0 0 0 0 0 0 0 0 0 0 0 0])
  ("wuNeutronPhysics" .
   [0 0 2 5 0 0 0 0 0 0 0 0 0 0 0 0])
  ("p" .
   [15])
  ("export" .
   [0 0 1 0 0 0])
  ("42" .
   [1 0])
  ("60" .
   [5 0])
  ("TMasterTask" .
   [0 0 0 0 0 0 0 0 0 0 2])
  ("y0" .
   [1 0])
  ("nil" .
   [3 0 0])
  ("j" .
   [13])
  ("l" .
   [4])
  ("50" .
   [9 0])
  ("wuTwoVector" .
   [0 0 0 1 1 0 0 0 0 0 0])
  ("x" .
   [4])
  ("it" .
   [1 0])
  ("TwoVector" .
   [0 0 6 2 0 0 0 0 0])
  ("mymap" .
   [0 0 1 0 0])
  ("first" .
   [1 0 0 0 0])
  ("wuNeutronPrimaryGeneratorAction" .
   [0 0 0 9 0 0 0 0 0 0 0 0 0 0 0 0 0 0 0 0 0 0 0 0 0 0 0 0 0 0 0])
  ("inline" .
   [0 0 0 6 1 0])
  ("wuOpticalPrimaryGeneratorAction" .
   [1 0 0 13 0 0 0 0 0 0 0 0 0 0 0 0 0 0 0 0 0 0 0 0 0 0 0 0 0 0 0])
  ("hit" .
   [1 0 0])
  ("Hit" .
   [1 0 0])
  ("TSystem" .
   [2 0 2 0 0 0 1])
  ("Sj" .
   [3 0])
  ("Distance2" .
   [1 0 0 0 0 0 0 0 0])
  ("2015" .
   [0 1 1 0])
  ("Post" .
   [5 0 0 0])
  ("PreZ" .
   [1 0 0 0])
  ("Pre" .
   [6 0 0])
  ("temp0" .
   [8 0 0 0 0])
  ("f5" .
   [1 0])
  ("f2" .
   [1 0])
  ("f7" .
   [2 0])
  ("f1" .
   [1 0])
  ("count3" .
   [0 0 0 0 0 1])
  ("count2" .
   [3 0 0 0 1 0])
  ("G4cout" .
   [0 0 0 0 1 0])
  ("neg" .
   [1 0 0])
  ("iii" .
   [1 0 0])
  ("output" .
   [0 0 0 0 0 8])
  ("pgf" .
   [1 0 0])
  ("wuTPicture" .
   [0 0 0 1 0 0 0 0 0 0])
  ("TPad" .
   [0 0 0 2])
  ("y" .
   [23])
  ("present" .
   [1 0 0 0 0 0 0])
  ("NameOfTree" .
   [1 0 0 0 0 0 0 0 0 0])
  ("long" .
   [1 0 0 0])
  ("Write" .
   [1 1 1 3 0])
  ("Print" .
   [1 0 0 0 1])
  ("random" .
   [1 0 0 1 0 0])
  ("diedai" .
   [0 0 1 1 0 1])
  ("lamuda" .
   [0 0 0 1 2 1])
  ("lambuda" .
   [0 0 1 0 0 0 1])
  ("linshi" .
   [2 0 0 0 0 0])
  ("sintheta_e" .
   [1 0 0 1 0 0 0 0 0 1])
  ("wuGlobals" .
   [0 0 0 1 0 0 0 0 0])
  ("ds2" .
   [1 0 0])
  ("ds1" .
   [1 0 0])
  ("d1" .
   [1 0])
  ("wuThreeVector" .
   [0 0 1 3 0 0 0 0 0 0 0 0 0])
  ("101" .
   [3 0 0])
  ("col" .
   [11 0 0])
  ("row" .
   [6 0 1])
  ("10201" .
   [12 0 0 0 1])
  ("muEn1" .
   [1 0 0 3 0])
  ("muEn" .
   [1 0 0 3])
  ("numberCrossSection" .
   [0 0 1 0 0 0 0 0 0 0 0 0 0 0 0 0 0 0])
  ("GetCrossSection" .
   [0 0 0 1 0 0 1 0 0 0 0 0 0 0 0])
  ("mat" .
   [6 0 0])
  ("10000" .
   [5 0 0 0 3])
  ("sintheta" .
   [0 0 0 0 0 1 0 1])
  ("xita" .
   [2 0 0 0])
  ("glvox1" .
   [1 0 0 0 0 0])
  ("500" .
   [3 0 0])
  ("707" .
   [1 0 0])
  ("828" .
   [1 0 0])
  ("1299" .
   [2 0 0 0])
  ("Int_t" .
   [0 0 2 0 7])
  ("cos2" .
   [1 0 0 0])
  ("nz" .
   [2 0])
  ("ny" .
   [2 0])
  ("nx" .
   [2 0])
  ("deltaZ" .
   [0 0 0 2 0 0])
  ("150" .
   [10 0 0])
  ("deltaX" .
   [0 0 0 3 0 0])
  ("deltaY" .
   [0 0 0 3 0 0])
  ("300" .
   [14 0 0])
  ("length" .
   [1 0 0 0 0 0])
  ("En1" .
   [4 0 4])
  ("T" .
   [5])
  ("SetLineColor" .
   [0 0 0 1 0 0 0 0 1 0 0 0])
  ("partial" .
   [0 0 0 2 0 0 1])
  ("triangle" .
   [0 0 0 1 1 0 0 0])
  ("ij" .
   [6 0])
  ("omega" .
   [0 0 6 0 0])
  ("BFGS方法" .
   [0 0 0 0 1 0])
  ("k+1" .
   [14 0 0])
  ("nabla" .
   [0 0 1 6 0])
  ("x12" .
   [2 0 0])
  ("deltaP_b_" .
   [0 0 0 0 0 0 0 0 1])
  ("Phi2_" .
   [0 0 0 0 1])
  ("n_xishu" .
   [1 0 0 0 1 0 0])
  ("lambda_go" .
   [0 0 1 0 0 0 0 0 0])
  ("N_I" .
   [0 0 2])
  ("y_s" .
   [5 0 0])
  ("D_tb" .
   [0 0 0 2])
  ("Phi2_g_jubu" .
   [1 0 0 0 0 0 0 0 0 0 0])
  ("Z_R" .
   [0 0 3])
  ("p_c" .
   [4 0 0])
  ("X_jubu" .
   [0 0 0 1 0 1])
  ("xi_l" .
   [1 0 0 1])
  ("deltaP_l_lo" .
   [0 0 0 0 0 0 0 0 1 0 0])
  ("a_u" .
   [1 0 0])
  ("a_A" .
   [1 0 0])
  ("A_u" .
   [2 0 0])
  ("A_1" .
   [0 0 1])
  ("zhichengban" .
   [0 0 0 1 0 0 0 1 0 0 0])
  ("deltaP_f_g" .
   [3 0 0 0 0 0 0 0 0 0])
  ("deltaP_f_l" .
   [1 0 0 0 0 0 0 0 0 0])
  ("X_moca" .
   [0 0 0 0 3 0])
  ("deltaP_f_lo" .
   [1 0 0 0 0 0 0 0 0 0 0])
  ("25" .
   [5 0])
  ("3164" .
   [1 0 0 0])
  ("lambda_lo" .
   [0 0 0 2 0 0 0 0 0])
  ("H_straight" .
   [0 0 0 1 0 1 0 0 0 0])
  ("flag2" .
   [7 0 1 1 0])
  ("Re_lo" .
   [1 0 3 0 0])
  ("flag1" .
   [6 0 2 1 1])
  ("Re_go" .
   [0 0 1 0 0])
  ("nu_l" .
   [1 0 0 0])
  ("nu_g" .
   [4 0 0 0])
  ("u_o" .
   [4 0 0])
  ("u_oII" .
   [5 0 0 0 0])
  ("u_oI" .
   [0 0 0 1])
  ("u_o2I" .
   [0 0 0 0 1])
  ("d_e" .
   [6 0 1])
  ("nn" .
   [2 0])
  ("F_u" .
   [5 0 3])
  ("lagan" .
   [4 0 0 0 1])
  ("d_oo" .
   [5 0 0 3])
  ("D_wi" .
   [2 0 1 2])
  ("v_sII" .
   [3 0 1 2 0])
  ("v_sI" .
   [1 0 3 2])
  ("rho_d" .
   [0 0 0 1 0])
  ("p_s" .
   [5 0 2])
  ("nu_d" .
   [7 0 0 0])
  ("rho_1" .
   [0 0 0 0 1])
  ("u_d" .
   [1 0 0])
  ("deltaP_d" .
   [0 0 0 0 0 0 0 2])
  ("14159" .
   [6 0 0 0 0])
  ("F_d" .
   [1 0 1])
  ("lambda_d" .
   [0 0 0 2 0 0 0 0])
  ("D_e" .
   [5 0 0])
  ("D_wo" .
   [0 0 0 3])
  ("H_tb" .
   [1 0 0 0])
  ("H_o" .
   [1 0 3])
  ("deltaP" .
   [1 0 1 2 0 0])
  ("lambda" .
   [6 0 1 0 0 1])
  ("xi_in" .
   [1 0 0 0 1])
  ("xi_f" .
   [5 0 0 0])
  ("xi_out" .
   [0 0 0 0 4 1])
  ("nu_3" .
   [2 0 1 0])
  ("t_f" .
   [3 0 0])
  ("t_s" .
   [5 0 0])
  ("C_R" .
   [1 0 6])
  ("S_xia" .
   [4 0 0 0 0])
  ("S_xiaI" .
   [0 0 0 0 1 4])
  ("sigma_2" .
   [0 0 0 1 0 0 0])
  ("D_ixia" .
   [0 0 1 3 2 1])
  ("p_design2" .
   [0 0 0 0 1 0 0 0 1])
  ("deltaP_7" .
   [1 0 0 0 0 0 0 0])
  ("xi_7" .
   [1 0 0 0])
  ("deltaP_6" .
   [1 0 0 0 0 0 0 0])
  ("xi_6" .
   [1 0 0 0])
  ("u_1o" .
   [1 0 0 0])
  ("rho_1o" .
   [1 0 0 0 0 0])
  ("nu_1o" .
   [1 0 0 0 0])
  ("deltaP_5" .
   [1 0 0 0 0 0 0 0])
  ("xi_5" .
   [1 0 0 0])
  ("deltaP_4" .
   [1 0 0 0 0 0 0 0])
  ("xi_4" .
   [1 0 0 0])
  ("deltaP_3" .
   [1 0 0 0 0 0 0 0])
  ("xi_3" .
   [1 0 0 0])
  ("bizhi2" .
   [2 0 0 0 0 0])
  ("4" .
   [39])
  ("0" .
   [176])
  ("1600" .
   [1 0 0 0])
  ("Add" .
   [1 0 0])
  ("gr" .
   [1 0])
  ("TMultiGraph" .
   [0 0 1 0 0 0 0 0 0 0 0])
  ("6" .
   [14])
  ("2000" .
   [1 0 0 0])
  ("Draw" .
   [6 0 2 2])
  ("01254" .
   [1 0 0 0 0])
  ("0216474" .
   [1 0 0 0 0 0 0])
  ("600" .
   [7 0 0])
  ("TGraph" .
   [0 0 1 0 0 0])
  ("n" .
   [3])
  ("59" .
   [1 0])
  ("57" .
   [1 0])
  ("51" .
   [1 0])
  ("43" .
   [1 0])
  ("2340" .
   [1 0 0 0])
  ("2061" .
   [1 0 0 0])
  ("error" .
   [0 0 0 2 1])
  ("wu_HEP" .
   [0 0 1 0 0 0])
  ("number2" .
   [0 0 0 1 0 0 0])
  ("number1" .
   [0 0 1 0 0 0 1])
  ("每幅幻灯片中的内容顶对齐。" .
   [0 0 1 0 0 0 0 0 0 0 0 0 0])
  ("allowframebreaks" .
   [0 0 0 1 0 0 0 0 0 0 0 0 0 0 0 0])
  ("frame" .
   [1 0 1 1 1])
  ("begin" .
   [1 0 2 4 1])
  ("logo" .
   [2 0 0 0])
  ("includegraphics" .
   [0 0 0 1 0 0 0 0 0 0 0 0 0 0 0])
  ("45" .
   [3 0])
  ("23" .
   [1 0])
  ("11" .
   [3 0])
  ("22" .
   [3 0])
  ("16" .
   [11 0])
  ("banhoudu" .
   [1 0 0 0 0 0 0 0])
  ("18" .
   [1 0])
  ("30" .
   [8 0])
  ("662" .
   [2 0 0])
  ("61" .
   [1 0])
  ("65" .
   [2 0])
  ("63" .
   [1 0])
  ("855" .
   [1 0 0])
  ("805" .
   [3 0 0])
  ("567" .
   [1 0 0])
  ("604" .
   [2 0 0])
  ("7106" .
   [6 0 0 0])
  ("085" .
   [7 0 0])
  ("521" .
   [1 0 0])
  ("944" .
   [1 0 0])
  ("1500" .
   [1 0 0 0])
  ("810" .
   [2 0 0])
  ("B15" .
   [4 0 0])
  ("found" .
   [0 0 1 0 0])
  ("400" .
   [1 0 0])
  ("hdy__2" .
   [5 0 0 0 0 0])
  ("hdy" .
   [1 0 0])
  ("program" .
   [0 0 1 3 0 0 0])
  ("select" .
   [0 0 1 0 0 0])
  ("ans" .
   [5 0 0])
  ("key" .
   [7 0 6])
  ("a%address" .
   [0 0 1 0 0 0 0 0 0])
  ("a%weight" .
   [0 0 0 1 0 0 0 0])
  ("a%height" .
   [0 0 0 1 0 0 0 0])
  ("a%age" .
   [0 0 1 0 0])
  ("a%name" .
   [0 0 1 0 0 0])
  ("read" .
   [3 0 8 0])
  ("write" .
   [1 0 15 2 0])
  ("person" .
   [1 0 0 0 0 0])
  ("type" .
   [1 0 1 0])
  ("ends" .
   [0 0 0 1])
  ("character" .
   [0 0 1 0 0 0 0 0 0])
  ("integer" .
   [0 0 7 1 0 0 0])
  ("fortran-mode-hook" .
   [0 0 0 0 1 0 0 0 0 0 0 0 0 0 0 0 0])
  ("fortran-mode" .
   [0 0 0 0 1 0 0 0 0 0 0 0])
  ("font" .
   [0 0 0 1])
  ("auto-make-header" .
   [0 0 0 0 0 0 1 1 0 0 0 0 0 0 0 0])
  ("matlab-mode-hook" .
   [0 0 0 0 1 0 0 1 0 0 0 0 0 0 0 0])
  ("add-hook" .
   [0 0 0 0 0 2 0 0])
  ("require" .
   [0 0 0 1 0 0 0])
  ("255" .
   [2 0 0])
  ("wutest" .
   [0 0 0 4 0 0])
  ("argv" .
   [0 0 0 1])
  ("argc" .
   [0 0 0 1])
  ("wuSwap" .
   [2 0 0 0 0 0])
  ("wuSwapPtr" .
   [0 0 0 0 0 0 0 1 0])
  ("wuString" .
   [0 0 0 2 0 0 0 0])
  ("wuSwapObj" .
   [0 0 0 1 0 0 0 0 0])
  ("12" .
   [9 0])
  ("wuDouble" .
   [1 0 0 5 0 0 0 0])
  ("TH2D" .
   [5 0 0 1])
  ("TH2F" .
   [1 0 0 0])
  ("EkPre" .
   [0 0 1 0 0])
  ("zPre" .
   [0 0 1 0])
  ("color-theme-e101" .
   [0 0 0 0 0 0 0 0 0 0 0 0 1 0 0 0])
  ("color-theme" .
   [0 0 1 0 0 0 0 0 0 0 0])
  ("continue" .
   [1 0 0 3 2 0 0 0])
  ("buffer" .
   [4 0 1 0 1 1])
  ("256" .
   [1 0 0])
  ("fenge" .
   [0 0 173 8 0])
  ("incontinental" .
   [0 0 0 1 0 0 0 0 0 0 0 0 0])
  ("score" .
   [0 0 0 4 0])
  ("department" .
   [1 0 1 1 0 0 0 0 0 0])
  ("sex" .
   [2 0 0])
  ("student" .
   [2 0 0 0 0 0 27])
  ("Display" .
   [0 0 0 2 0 0 0])
  ("user_name" .
   [0 0 1 1 0 0 0 0 0])
  ("obj" .
   [1 0 0])
  ("MDerivedB" .
   [0 0 1 0 0 0 0 0 0])
  ("BaseA3" .
   [0 0 2 0 0 0])
  ("BaseA1" .
   [0 0 2 1 1 2])
  ("BaseA2" .
   [1 0 2 0 0 0])
  ("print" .
   [4 0 0 1 3])
  ("join" .
   [3 0 0 0])
  ("three" .
   [0 0 0 1 0])
  ("thread" .
   [1 0 0 0 0 3])
  ("source" .
   [1 0 0 0 3 0])
  ("dest" .
   [3 0 0 1])
  ("copy" .
   [2 0 0 0])
  ("fout" .
   [4 0 0 0])
  ("mult_regression" .
   [0 0 1 0 1 0 0 0 0 0 0 0 0 0 0])
  ("multi" .
   [0 0 0 1 1])
  ("break" .
   [6 0 2 4 1])
  ("flag" .
   [4 0 2 1])
  ("bubblesort" .
   [0 0 0 1 1 0 0 0 0 0])
  ("bsort" .
   [0 0 3 0 0])
  ("Math" .
   [0 0 4 0])
  ("ROOT" .
   [0 0 3 3])
  ("std_dev" .
   [1 0 0 2 0 0 1])
  ("mean_var" .
   [0 0 0 1 1 0 0 0])
  ("moments" .
   [0 0 0 2 0 0 0])
  ("MeanVar" .
   [0 0 2 2 0 0 0])
  ("var" .
   [4 0 1])
  ("xbar" .
   [0 0 4 3])
  ("rsq_" .
   [0 0 0 1])
  ("ifstream" .
   [0 0 2 0 0 0 0 0])
  ("log" .
   [7 0 0])
  ("exp" .
   [6 0 0])
  ("sum_" .
   [0 0 0 1])
  ("summations" .
   [1 0 0 0 6 0 0 0 0 0])
  ("malloc" .
   [1 0 0 0 0 0])
  ("20" .
   [33 3])
  ("10" .
   [79 5])
  ("100" .
   [39 0 0])
  ("abscomplex" .
   [0 0 0 2 0 0 0 0 0 0])
  ("imag" .
   [0 0 3 1])
  ("real" .
   [3 0 3 6])
  ("Complex" .
   [0 0 5 0 0 0 0])
  ("Delete" .
   [0 0 0 0 0 1])
  ("arr" .
   [6 0 0])
  ("exit" .
   [6 0 0 2])
  ("cerr" .
   [3 0 0 0])
  ("Insert" .
   [0 0 1 0 0 0])
  ("SeqLn" .
   [0 0 1 1 0])
  ("Len" .
   [2 0 0])
  ("nst" .
   [11 0 0])
  ("const" .
   [16 0 1 0 6])
  ("Square2" .
   [0 0 0 0 0 0 1])
  ("template" .
   [0 0 0 5 0 2 0 1])
  ("Square1" .
   [0 0 0 1 0 0 0])
  ("temp" .
   [85 0 1 4])
  ("aver" .
   [2 0 0 2])
  ("sum" .
   [33 0 3])
  ("maxmin" .
   [1 0 1 0 0 2])
  ("fun" .
   [11 0 0])
  ("header-mail" .
   [1 0 0 0 0 0 0 0 1 0 0])
  ("header" .
   [0 0 0 1 0 0])
  ("hs-minor-mode" .
   [0 0 1 0 0 1 0 0 0 0 0 0 0])
  ("private" .
   [0 0 1 16 0 0 8])
  ("ns" .
   [1 0])
  ("do" .
   [9 1])
  ("GetData" .
   [0 0 6 0 0 0 0])
  ("num" .
   [1 0 0])
  ("vector" .
   [1 0 1 3 0 0])
  ("close" .
   [1 0 1 1 1])
  ("new" .
   [64 0 0])
  ("A_After" .
   [0 0 1 0 0 0 0])
  ("A_temp" .
   [0 0 1 0 0 0])
  ("RzTheta" .
   [0 0 1 0 0 0 0])
  ("RyBeta_inv" .
   [0 0 0 0 0 0 0 1 0 0])
  ("RyBeta" .
   [0 0 2 0 0 0])
  ("T_inv" .
   [0 0 1 0 0])
  ("RxAlpha_inv" .
   [1 0 0 0 0 0 0 0 0 0 0])
  ("RxAlpha" .
   [0 0 0 0 0 0 1])
  ("DeletePointer" .
   [0 0 12 0 0 0 0 0 0 0 0 0 0])
  ("delete" .
   [6 0 4 15 3 12])
  ("string" .
   [13 0 0 1 0 0])
  ("char" .
   [30 0 1 0])
  ("i" .
   [67])
  ("Data" .
   [3 0 6 0])
  ("size" .
   [5 1 5 9])
  ("mmm" .
   [2 0 0])
  ("Date" .
   [0 0 1 0])
  ("cols" .
   [6 0 0 0])
  ("rows" .
   [2 0 1 0])
  ("Matrix" .
   [2 0 23 0 0 0])
  ("TF1" .
   [1 0 2])
  ("return" .
   [4 0 3 7 10 19])
  ("std" .
   [29 0 0])
  ("namespace" .
   [2 0 2 2 1 1 0 0 0])
  ("double" .
   [23 0 3 209 14 166])
  ("int" .
   [216 1 3])
  ("include" .
   [7 1 4 6 0 1 3])
  ("iostream" .
   [0 0 1 0 0 0 0 0])
  ("if" .
   [143 24])
  ("else" .
   [37 0 9 5])
  ("auto" .
   [0 0 2 0])
  ("struct" .
   [0 0 1 1 1 0])
  ("class" .
   [9 2 41 3 2])
  ("using" .
   [2 0 61 0 0])
  ("for" .
   [174 0 51])
  ("cout" .
   [248 0 0 10])
  ("100000" .
   [5 0 0 0 0 0])
  ("people1" .
   [0 0 1 0 0 0 0])
  ("Export" .
   [0 0 11 0 0 0])
  ("endl" .
   [228 0 0 0])
  ("sizeof" .
   [2 0 2 1 2 3])
  ("while" .
   [4 0 7 3 3])
  ("void" .
   [44 0 0 90])
  ("A_after" .
   [0 0 0 1 0 0 0])
  ("inc" .
   [181 1 3])
  ("beginend" .
   [0 0 1 0 0 0 0 0])
  ("once" .
   [1 0 17 1])
  ("main" .
   [25 0 45 7])
  ("time" .
   [10 0 0 1])
  ("why" .
   [3 0 1])
  ("wu" .
   [1 1])
  ("ifndef" .
   [0 0 1 0 0 0])
  ("file" .
   [3 0 0 0])
  ("filename" .
   [0 0 1 0 0 0 0 1])
  ("Point" .
   [1 0 11 0 0])
  ("GetPointx" .
   [0 0 1 0 0 0 0 0 0])
  ("Abs" .
   [2 0 2])
  ("max" .
   [3 0 0])
  ("min" .
   [5 0 0])
  ("pmax" .
   [4 0 0 0])
  ("pmin" .
   [4 0 0 0])
  ("Square" .
   [0 0 2 1 0 0])
  ("float" .
   [2 0 2 1 0])
  ("inta" .
   [1 0 0 0])
  ("doublea" .
   [0 0 0 0 1 0 0])
  ("带默认参数的函数" .
   [0 0 0 0 0 0 1 1])
  ("distance" .
   [0 0 0 0 0 0 0 2])
  ("Person" .
   [1 0 10 0 0 0])
  ("name" .
   [26 0 0 0])
  ("name1" .
   [3 0 0 0 0])
  ("age" .
   [6 0 0])
  ("strlen" .
   [1 0 0 0 0 0])
  ("strcpy" .
   [0 0 0 1 0 0])
  ("salary" .
   [3 0 0 0 0 0])
  ("display" .
   [0 0 0 0 0 0 3])
  ("1000" .
   [32 0 1 1])
  ("rsq_num" .
   [0 0 1 3 2 0 3])
  ("rsq_denom" .
   [0 0 1 3 2 1 0 0 3])
  ("y_model" .
   [0 0 12 0 2 0 0])
  ("pivrow" .
   [0 0 2 12 10 3])
  ("pivcol" .
   [1 0 0 20 7 14])
  ("polynomial" .
   [0 0 0 1 0 0 0 0 0 3])
  ("poly" .
   [2 0 0 0])
  ("input" .
   [1 0 0 3 0])
  ("poly_line" .
   [0 0 0 0 1 1 0 0 0])
  ("fin" .
   [13 0 0])
  ("sum1" .
   [6 0 0 0])
  ("sum2" .
   [15 0 0 0])
  ("sum3" .
   [6 0 0 0])
  ("sum4" .
   [6 0 0 0])
  ("sum5" .
   [12 0 0 0])
  ("pow" .
   [34 0 0])
  ("term1" .
   [3 0 0 1 0])
  ("term2" .
   [3 0 0 1 0])
  ("term3" .
   [3 0 0 0 1])
  ("term4" .
   [3 0 0 0 2])
  ("pivot" .
   [1 0 0 7 13])
  ("fabs" .
   [13 0 0 3])
  ("iftream" .
   [0 0 1 0 0 0 0])
  ("aik" .
   [6 0 0])
  ("sum6" .
   [8 0 0 0])
  ("alpha" .
   [10 0 0 4 1])
  ("sum7" .
   [6 0 0 0])
  ("r_sq" .
   [0 0 8 0])
  ("rsq" .
   [7 0 1])
  ("-rf" .
   [1 0 0])
  ("cmake" .
   [1 0 0 0 0])
  ("make" .
   [1 0 0 0])
  ("bin" .
   [27 0 0])
  ("sum_x" .
   [1 0 0 3 5])
  ("sum_y" .
   [0 0 0 1 7])
  ("sum_xsq" .
   [0 0 0 1 1 0 2])
  ("sum_xy" .
   [0 0 0 1 1 2])
  ("regression" .
   [0 0 0 2 0 0 0 0 1 11])
  ("choice" .
   [0 0 0 6 3 1])
  ("curvefit" .
   [0 0 0 10 0 0 0 0])
  ("regression_input" .
   [0 0 1 1 0 0 0 0 0 0 0 0 0 0 0 0])
  ("sline" .
   [0 0 0 2 0])
  ("exp1" .
   [2 0 0 0])
  ("exp2" .
   [2 0 0 0])
  ("exp3" .
   [1 0 1 0])
  ("power" .
   [0 0 0 1 1])
  ("logarithmic" .
   [0 0 0 1 0 0 0 0 0 0 1])
  ("square_root" .
   [0 0 1 0 0 0 0 0 0 0 1])
  ("one_third" .
   [0 0 0 1 0 0 0 0 1])
  ("inverse" .
   [0 0 0 2 0 0 0])
  ("qsort" .
   [1 0 7 1 0])
  ("sort" .
   [5 0 1 4])
  ("sorting" .
   [1 0 5 0 0 0 2])
  ("cin" .
   [6 0 0])
  ("quicksort" .
   [0 0 0 4 0 0 0 0 0])
  ("left" .
   [1 0 14 1])
  ("r_h" .
   [1 0 1])
  ("right" .
   [2 0 12 2 1])
  ("pivot_loc" .
   [0 0 1 1 0 0 0 0 3])
  ("l_h" .
   [0 0 1])
  ("d_n" .
   [3 0 2])
  ("d_i" .
   [6 0 0])
  ("d_x" .
   [2 0 0])
  ("data" .
   [25 0 7 6])
  ("d_y" .
   [1 0 0])
  ("try" .
   [1 0 1])
  ("sortdata" .
   [0 0 1 0 0 0 0 0])
  ("ro_data" .
   [0 0 2 0 0 0 0])
  ("midpos" .
   [0 0 1 2 0 1])
  ("qqq" .
   [2 0 0])
  ("protected" .
   [1 0 0 5 0 0 0 0 0])
  ("sqrt" .
   [22 0 1 0])
  ("temp1" .
   [11 0 0 0 0])
  ("DBL_MAX" .
   [1 0 1 2 0 0 0])
  ("number" .
   [4 0 9 5 4 3])
  ("average" .
   [0 0 1 3 2 0 0])
  ("standard_deviation" .
   [0 0 1 0 0 0 0 0 0 0 0 0 0 0 0 0 0 2])
  ("Qsort" .
   [0 0 1 0 0])
  ("mid_value" .
   [0 0 0 3 0 0 0 0 1])
  ("INT_MAX" .
   [1 0 2 1 1 0 0])
  ("peak1" .
   [5 0 0 1 1])
  ("peak2" .
   [5 0 1 0 0])
  ("peak" .
   [0 0 0 1])
  ("XYZVector" .
   [0 0 1 0 0 0 0 0 0])
  ("TVector" .
   [0 0 1 0 0 0 1])
  ("tv1" .
   [4 0 0])
  ("tv2" .
   [5 0 0])
  ("TMath" .
   [1 0 5 1 1])
  ("ccc" .
   [1 0 0])
  ("isort" .
   [0 0 4 0 0])
  ("insertion_sort" .
   [0 0 0 2 0 0 0 0 0 0 0 0 0 0])
  ("ssort" .
   [0 0 2 0 0])
  ("shell_sort" .
   [0 0 1 1 0 0 0 0 0 0])
  ("multiple" .
   [0 0 1 2 0 0 0 1])
  ("cumulative" .
   [0 0 0 2 0 0 0 0 0 0])
  ("distribution" .
   [1 0 0 1 0 0 0 0 0 0 0 0])
  ("cumul" .
   [0 0 0 1 1])
  ("doublecmp" .
   [0 0 0 1 1 0 0 0 0])
  ("interval" .
   [0 0 0 0 4 0 0 0])
  ("upplim" .
   [0 0 0 4 0 0])
  ("counter" .
   [0 0 0 0 3 0 0])
  ("frac" .
   [46 0 1 8])
  ("Gauss消去法程序。" .
   [0 0 0 0 0 2 0 0 0 0 0])
  ("gauss" .
   [0 0 2 0 11])
  ("solution" .
   [0 0 3 2 1 0 0 0])
  ("gauss_input" .
   [0 0 0 0 0 0 2 0 0 0 2])
  ("gauss_elimination" .
   [0 0 1 1 0 0 2 1 0 0 0 0 0 0 0 0 0])
  ("gauss_output" .
   [0 0 2 0 0 0 1 0 0 1 0 0])
  ("eps" .
   [4 0 1])
  ("ratio" .
   [0 0 2 0 0])
  ("enum" .
   [2 0 0 1])
  ("color" .
   [1 0 0 1 0])
  ("red" .
   [5 0 0])
  ("black" .
   [1 0 0 3 0])
  ("loop" .
   [4 0 0 0])
  ("switch" .
   [1 0 0 2 0 0])
  ("case" .
   [9 0 0 4])
  ("ball" .
   [4 0 0 0])
  ("default" .
   [0 0 0 2 0 0 0])
  ("yellow" .
   [0 0 1 0 0 0])
  ("setw" .
   [4 0 0 0])
  ("blue" .
   [3 0 0 0])
  ("white" .
   [0 0 0 0 1])
  ("ptr" .
   [2 0 0])
  ("public" .
   [0 0 15 1 0 0])
  ("Base" .
   [0 0 2 0])
  ("200" .
   [4 0 0])
  ("Derive" .
   [0 0 0 0 0 1])
  ("指针访问形式" .
   [0 0 1 0 0 0])
  ("公有成员" .
   [2 0 0 0])
  ("对象指针变量名" .
   [1 0 0 0 0 0 0])
  ("wuhongyi" .
   [4 0 3 0 0 0 0 2])
  ("GetPoint_x" .
   [0 0 1 0 0 0 0 0 0 0])
  ("doo" .
   [1 0 0])
  ("1000000" .
   [3 0 0 0 0 0 0])
  ("mythread" .
   [0 0 0 0 0 0 0 4])
  ("foo" .
   [1 0 0])
  ("1000000000" .
   [1 0 0 0 0 0 0 0 0 0])
  ("mythread3" .
   [1 0 0 0 0 0 0 0 0])
  ("too" .
   [1 0 0])
  ("tooo" .
   [1 0 0 0])
  ("virtual" .
   [0 0 0 1 0 0 0])
  ("static" .
   [1 0 0 0 0 1])
  ("Test" .
   [1 0 0 1])
  ("fun1" .
   [2 0 0 0])
  ("student0" .
   [1 0 0 0 0 0 0 0])
  ("student1" .
   [2 0 0 0 0 0 0 0])
  ("id" .
   [3 0])
  ("95" .
   [3 0])
  ("05030100" .
   [2 0 0 0 0 0 0 0])
  ("1" .
   [229])
  ("2" .
   [125])
  ("3" .
   [52])
  ("lu_decomposition" .
   [0 0 0 1 0 0 0 0 0 0 0 0 0 0 0 0])
  ("lu_output" .
   [0 0 0 1 0 0 0 0 0])
  ("flagParticle" .
   [1 0 0 0 0 0 0 0 0 0 0 0])
  ("TFile" .
   [2 0 3 0 1])
  ("TTree" .
   [2 0 2 0 0])
  ("Process" .
   [0 0 0 0 2 0 0])
  ("GetEntry" .
   [0 0 0 0 1 0 0 1])
  ("entry" .
   [0 0 1 0 1])
  ("Circle" .
   [0 0 1 2 0 0])
  ("wuclass" .
   [0 0 1 0 2 0 0])
  ("bool" .
   [8 0 1 1])
  ("umax" .
   [2 0 0 1])
  ("umin" .
   [2 0 0 1])
  ("aaa" .
   [10 0 0])
  ("push_back" .
   [0 0 2 0 0 0 0 0 0])
  ("analysis" .
   [0 0 1 0 0 0 0 0])
  ("temp100" .
   [2 0 3 2 0 0 0])
  ("myoutput" .
   [1 0 1 3 0 0 0 4])
  ("clear" .
   [0 0 0 1 1])
  ("text" .
   [4 0 0 0])
  ("typedef" .
   [0 0 1 0 0 0 1])
  ("wuLRint" .
   [0 0 0 0 1 0 0])
  ("wuLint" .
   [0 0 0 1 0 0])
  ("wuRint" .
   [0 0 0 1 0 0])
  ("wuMessage" .
   [0 0 0 1 0 0 0 0 0])
  ("AUCTeX" .
   [1 0 0 0 0 0])
  ("parameter" .
   [0 0 2 0 0 0 0 0 0])
  ("speed" .
   [1 0 1 0 0])
  ("end" .
   [8 0 2])
  ("hdx02" .
   [1 0 0 0 0])
  ("hdy__1" .
   [3 0 0 0 0 0])
  ("ribll" .
   [0 0 0 0 1])
  ("c1" .
   [10 0])
  ("TString" .
   [0 0 1 0 0 0 1])
  ("logicRod1" .
   [1 0 0 0 0 0 0 0 0])
  ("logicRod2" .
   [1 0 0 0 0 0 0 0 0])
  ("694" .
   [7 0 0])
  ("712" .
   [5 0 0])
  ("339" .
   [6 0 0])
  ("081" .
   [4 0 0])
  ("364" .
   [4 0 0])
  ("//afs/" .
   [0 0 2 0 0 0])
  ("7403" .
   [8 0 0 0])
  ("958" .
   [1 0 0])
  ("243" .
   [4 0 0])
  ("2003" .
   [1 0 0 0])
  ("2575" .
   [1 0 0 0])
  ("21" .
   [7 0])
  ("4827" .
   [5 0 0 0])
  ("32" .
   [7 1])
  ("0219137" .
   [1 0 0 0 0 0 0])
  ("implicit" .
   [0 0 2 1 0 0 0 0])
  ("none" .
   [0 0 2 1])
  ("add" .
   [3 0 0])
  ("stop" .
   [2 0 0 0])
  ("add跟函数名称一样，这里不是用来声明变量，是声明这个函数会返回的数值类型" .
   [0 0 0 0 0 0 0 0 0 0 0 0 0 0 0 0 0 0 0 0 0 0 0 0 0 0 0 0 0 0 0 0 0 0 0 0 1])
  ("function" .
   [0 0 0 1 0 0 0 0])
  ("call" .
   [1 0 0 0])
  ("sub" .
   [1 0 0])
  ("example" .
   [1 0 0 0 0 0 0])
  ("alert" .
   [1 0 0 0 0])
  ("abs" .
   [2 0 0])
  ("delta" .
   [8 0 0 6 1])
  ("flag_f" .
   [1 0 2 1 0 0])
  ("flag_b" .
   [1 0 2 1 0 0])
  ("mtl" .
   [3 0 0])
  ("lines" .
   [3 0 0 5 13])
  ("count" .
   [6 0 0 5 9])
  ("11月" .
   [0 0 2])
  ("par" .
   [13 0 0])
  ("shuo" .
   [3 0 0 0])
  ("X_wanguan" .
   [0 0 0 0 0 3 1 0 0])
  ("x2" .
   [7 0])
  ("phi" .
   [5 0 1])
  ("beta2" .
   [0 0 1 1 0])
  ("C_xishu" .
   [0 0 0 0 2 0 0])
  ("phi_2" .
   [1 0 0 0 0])
  ("G_m" .
   [1 0 0])
  ("a_uI" .
   [1 0 0 0])
  ("A_uI" .
   [1 0 0 2])
  ("a_AI" .
   [0 0 0 1])
  ("xi_ll" .
   [1 0 0 0 0])
  ("xi_h" .
   [2 0 0 0])
  ("deltaP_r" .
   [1 0 0 0 0 0 0 0])
  ("i_f" .
   [0 0 1])
  ("i_s" .
   [3 0 0])
  ("p_low" .
   [0 0 0 1 0])
  ("0e6" .
   [1 0 0])
  ("1e6" .
   [1 0 0])
  ("i_sl" .
   [0 0 0 1])
  ("1e3" .
   [2 0 0])
  ("Fill" .
   [11 1 2 1])
  ("gamma" .
   [27 0 0 1 0])
  ("neutron" .
   [0 0 0 0 1 0 0])
  ("data1" .
   [4 0 0 0 0])
  ("data2" .
   [4 0 0 0 0])
  ("data3" .
   [4 0 0 0 0])
  ("data4" .
   [4 0 0 0 0])
  ("data5" .
   [5 0 0 0 0])
  ("suiji" .
   [2 0 0 0 0])
  ("TRandom" .
   [0 0 1 0 0 0 0])
  ("xigema" .
   [1 0 0 0 0 0])
  ("mlp" .
   [1 0 1])
  ("05" .
   [1 0])
  ("中子散射相机模拟研究" .
   [1 0 0 0 0 0 0 0 0 0])
  ("研究内容" .
   [1 0 0 0])
  ("columns" .
   [0 0 0 2 0 0 1])
  ("GEANT4" .
   [1 0 0 0 0 0])
  ("tikzpicture" .
   [0 0 0 0 0 1 0 0 0 0 0])
  ("sigma" .
   [1 0 0 4 0])
  ("varepsilon=1-exp" .
   [0 0 0 1 0 0 0 0 0 0 0 0 0 0 0 0])
  ("quad" .
   [1 0 0 0])
  ("/opt/root-6.02.02/" .
   [0 0 0 0 0 0 0 0 0 0 1 0 0 0 0 0 0 0])
  ("t" .
   [11])
  ("energy" .
   [1 0 0 0 0 0])
  ("logicDetector4" .
   [1 0 0 0 0 0 0 0 0 0 0 0 0 0])
  ("logicDetector3" .
   [1 0 0 0 0 0 0 0 0 0 0 0 0 0])
  ("logicDetector2" .
   [1 0 0 0 0 0 0 0 0 0 0 0 0 0])
  ("logicDetector1" .
   [1 0 0 0 0 0 0 0 0 0 0 0 0 0])
  ("15" .
   [9 0])
  ("deg" .
   [4 0 0])
  ("G4UniformRand" .
   [0 0 0 1 0 0 0 0 0 0 0 0 0])
  ("G4ThreeVector" .
   [1 0 0 0 0 0 0 0 0 0 0 0 0])
  ("aaaa" .
   [3 0 0 1])
  ("a" .
   [7])
  ("TH2" .
   [0 0 3])
  ("TCanvas" .
   [1 0 0 0 0 0 2])
  ("Mid_ellispe" .
   [0 0 0 1 0 0 0 0 0 0 0])
  ("其中：" .
   [1 0 0])
  ("chi" .
   [2 0 0])
  ("theta" .
   [2 0 0 0 1])
  ("logical" .
   [0 0 0 1 0 0 0])
  ("alive" .
   [1 0 1 0 1])
  ("inquire" .
   [0 0 0 1 0 0 0])
  ("exist" .
   [1 0 0 0 0])
  ("true" .
   [5 0 0 0])
  ("fileid" .
   [0 0 1 0 0 0])
  ("iostat" .
   [0 0 0 1 0 0])
  ("draw" .
   [1 0 0 0])
  ("180" .
   [6 0 0])
  ("SongLabData" .
   [0 0 6 4 0 0 0 0 0 0 0])
  ("OpenDataFile" .
   [0 0 1 0 0 0 0 0 0 0 0 0])
  ("CloseDataFile" .
   [0 0 0 1 0 0 0 0 0 0 0 0 0])
  ("ReCreateFileAuto" .
   [0 0 1 0 0 0 0 0 0 0 0 0 0 0 0 0])
  ("unsigned" .
   [0 0 1 0 1 0 0 0])
  ("CheckFileSize" .
   [0 0 1 0 0 0 0 0 0 0 0 0 0])
  ("wuMergeServer" .
   [0 0 0 0 0 0 0 0 0 0 0 0 1])
  ("wuMergeClient" .
   [0 0 0 1 0 0 0 0 0 0 0 0 0])
  ("1991" .
   [2 0 0 0])
  ("9090" .
   [2 0 0 0])
  ("status" .
   [0 0 0 1 0 1])
  ("kind" .
   [1 0 0 0])
  ("xPre" .
   [0 0 1 0])
  ("particle" .
   [1 0 0 0 0 1 0 0])
  ("os" .
   [1 0])
  ("fgMasterInstance" .
   [1 0 0 0 0 0 0 0 0 0 0 0 0 0 0 0])
  ("pact" .
   [1 0 0 0])
  ("nfound" .
   [0 0 1 1 0 0])
  ("rtemp" .
   [2 0 0 1 0])
  ("temptemp" .
   [1 0 0 0 0 0 0 0])
  ("hspace" .
   [0 0 2 0 0 0])
  ("5mm" .
   [1 0 0])
  ("tabular" .
   [1 0 0 1 1 0 0])
  ("|l|c|r|" .
   [1 0 0 0 0 0 0])
  ("hline" .
   [1 1 6 0 0])
  ("multicolumn" .
   [0 0 2 0 0 0 0 0 0 0 1])
  ("|c|" .
   [1 0 0])
  ("head" .
   [2 0 0 0])
  ("cline" .
   [0 0 3 0 0])
  ("1-2" .
   [2 0 0])
  ("aligned" .
   [0 0 0 1 0 0 0])
  ("2-3" .
   [1 0 0])
  ("items" .
   [4 0 0 0 0])
  ("Left" .
   [1 0 0 0])
  ("centered" .
   [0 0 0 0 0 0 0 1])
  ("backslash" .
   [0 0 1 0 0 0 0 0 0])
  ("wuTStyle" .
   [0 0 0 1 0 0 0 0])
  ("Double_t" .
   [0 1 6 2 0 0 0 4])
  ("TLatex" .
   [1 0 0 0 0 0])
  ("ltx" .
   [4 0 1])
  ("SetText" .
   [0 0 0 0 0 0 1])
  ("sizeTxt" .
   [1 0 0 0 0 0 0])
  ("sName" .
   [1 0 0 0 0])
  ("gPad" .
   [4 0 0 0])
  ("Update" .
   [2 0 0 0 0 1])
  ("Modified" .
   [1 0 0 0 0 0 0 0])
  ("TLine" .
   [0 0 1 0 0])
  ("atX" .
   [2 0 0])
  ("iColor" .
   [1 0 0 0 0 0])
  ("iStyle" .
   [0 0 1 0 0 0])
  ("iWidth" .
   [0 0 1 0 0 0])
  ("TH1D" .
   [4 0 1 1])
  ("4000" .
   [1 0 0 0])
  ("4-4" .
   [1 0 0])
  ("vec1" .
   [2 0 0 0])
  ("mag" .
   [2 0 0])
  ("vec2" .
   [1 0 0 0])
  ("tempco" .
   [0 0 0 0 0 1])
  ("tempcos" .
   [1 0 0 0 1 0 1])
  ("liney" .
   [7 0 0 0 1])
  ("lambda2" .
   [11 0 0 2 0 1 0])
  ("4210" .
   [1 0 0 0])
  ("Memory" .
   [1 0 0 0 0 0])
  ("vhold" .
   [0 0 1 0 0])
  ("rrrrr" .
   [3 0 0 0 0])
  ("setX" .
   [2 0 0 0])
  ("setY" .
   [2 0 0 0])
  ("setZ" .
   [1 0 0 0])
  ("GetAD" .
   [0 0 0 1 0])
  ("c" .
   [11])
  ("bin2" .
   [1 0 0 0])
  ("Redraw" .
   [0 0 0 1 0 0])
  ("bright" .
   [1 0 0 0 0 0])
  ("green" .
   [1 0 1 0 0])
  ("shades" .
   [0 0 0 3 0 0])
  ("实心圆" .
   [2 0 0])
  ("空心圆" .
   [1 0 0])
  ("LineStyle" .
   [0 0 0 0 0 2 0 0 0])
  ("dash" .
   [1 0 0 0])
  ("dot" .
   [1 0 0])
  ("SetLineStyle" .
   [0 0 0 0 0 0 0 0 0 0 1 0])
  ("Marker" .
   [0 0 0 0 0 2])
  ("Graph" .
   [0 0 1 0 0])
  ("Text" .
   [2 0 0 1])
  ("ID" .
   [3 0])
  ("EventID" .
   [0 0 1 0 0 1 0])
  ("cp1" .
   [3 0 0])
  ("cp2" .
   [3 0 0])
  ("fenbu1" .
   [0 0 2 2 0 0])
  ("fenbu2" .
   [1 0 1 0 0 0])
  ("h" .
   [21])
  ("this" .
   [2 0 0 0])
  ("Detector0" .
   [2 0 0 0 0 0 0 0 0])
  ("logicDetector0" .
   [2 0 0 0 0 0 0 0 0 0 0 0 0 0])
  ("cm" .
   [14 0])
  ("Length" .
   [0 0 2 0 0 0])
  ("35" .
   [1 0])
  ("3000" .
   [3 0 0 0])
  ("14" .
   [3 0])
  ("hbin" .
   [2 0 0 0])
  ("a2" .
   [4 0])
  ("b2" .
   [4 0])
  ("countnumber" .
   [0 0 1 5 1 0 0 0 0 0 0])
  ("b" .
   [13])
  ("19" .
   [3 0])
  ("Ep" .
   [2 0])
  ("now" .
   [1 0 0])
  ("Start" .
   [0 0 0 1 0])
  ("Clear" .
   [1 0 0 0 0])
  ("()" .
   [0 7])
  ("5" .
   [47])
  ("250" .
   [1 0 0])
  ("3082" .
   [5 0 0 0])
  ("01" .
   [4 0])
  ("tempcount" .
   [0 0 1 5 1 0 0 0 0])
  ("505" .
   [2 0 0])
  ("40" .
   [1 0])
  ("zz" .
   [13 0])
  ("gg" .
   [5 0])
  ("025" .
   [1 0 0])
  ("yy" .
   [7 0])
  ("xx" .
   [6 0])
  ("ProjectionX" .
   [1 0 0 0 0 0 0 0 0 0 0])
  ("biny" .
   [3 0 0 0])
  ("juzhen" .
   [4 0 0 0 0 0])
  ("n1" .
   [2 0])
  ("n2" .
   [2 0])
  ("n3" .
   [3 0])
  ("labs" .
   [0 0 0 1])
  ("(long __x)" .
   [0 0 0 0 0 0 0 0 0 1])
  ("n11" .
   [9 0 0])
  ("n22" .
   [8 0 0])
  ("n33" .
   [7 0 0])
  ("th" .
   [7 0])
  ("acos" .
   [2 0 1 1])
  ("ph" .
   [7 0])
  ("atan" .
   [1 0 0 0])
  ("h0" .
   [5 0])
  ("90" .
   [10 0])
  ("(double __x)" .
   [0 3 0 0 0 0 0 0 0 0 0 0])
  ("Gx" .
   [3 0])
  ("Gy" .
   [3 0])
  ("MaxBinContent" .
   [0 0 0 1 0 0 0 0 0 0 0 0 0])
  ("statistics" .
   [1 0 0 0 0 0 0 0 0 0])
  ("C" .
   [2])
  ("wuhongyi@qq" .
   [1 0 0 0 0 0 0 0 0 0 0])
  ("com" .
   [2 0 0])
  ("记者" .
   [1 0])
  ("HEUHit" .
   [1 0 6 3 2 0])
  ("G4int" .
   [1 0 0 0 1])
  ("operator" .
   [0 0 1 0 0 0 0 0])
  ("HEUActionInitialization" .
   [0 0 0 1 0 0 0 0 0 0 0 0 0 0 0 0 0 0 0 0 0 0 0])
  ("G4VUserActionInitialization" .
   [0 0 0 1 0 0 0 0 0 0 0 0 0 0 0 0 0 0 0 0 0 0 0 0 0 0 0])
  ("HEURunAction" .
   [0 0 1 5 0 0 0 0 0 0 0 0])
  ("BeginOfRunAction" .
   [0 0 1 0 0 0 0 0 0 0 0 0 0 0 0 0])
  ("G4Run" .
   [0 0 0 0 2])
  ("run" .
   [2 0 0])
  ("EndOfRunAction" .
   [0 0 1 0 0 0 0 0 0 0 0 0 0 0])
  ("a4paper" .
   [0 0 1 1 0 0 0])
  ("X" .
   [3])
  ("H" .
   [1])
  ("kai" .
   [1 0 0])
  ("ming" .
   [1 0 0 0])
  ("Hongyi" .
   [2 0 0 0 0 0])
  ("textsc" .
   [0 0 1 0 0 0])
  ("Wu" .
   [2 0])
  ("Instance" .
   [1 0 0 0 0 0 0 0])
  ("Float_t" .
   [0 0 0 0 0 0 1])
  ("sin" .
   [1 0 0])
  ("myfunc" .
   [0 0 1 0 0 0])
  ("myfit" .
   [0 0 0 0 1])
  ("c_str" .
   [3 0 1 0 0])
  ("ss" .
   [14 0])
  ("UserNameString" .
   [0 0 1 0 2 0 0 0 0 0 0 0 0 1])
  ("keyc" .
   [1 0 0 0])
  ("keyC" .
   [3 0 0 0])
  ("wuG4Authorize" .
   [0 0 0 1 0 1 0 0 0 0 0 0 0])
  ("Empty" .
   [0 0 1 0 0])
  ("G4bool" .
   [0 0 0 0 1 0])
  ("-" .
   [2])
  ("=" .
   [6])
  ("eff" .
   [4 0 0])
  ("V" .
   [2])
  ("S" .
   [4])
  ("beta" .
   [42 0 0 0])
  ("延时" .
   [1 0])
  ("5658" .
   [9 0 0 0])
  ("us，每次测量" .
   [1 0 0 0 0 0 0])
  ("Co" .
   [2 0])
  ("道" .
   [2])
  ("m" .
   [22])
  ("eta" .
   [4 0 0])
  ("cdot" .
   [12 0 1 0])
  ("1b" .
   [2 0])
  ("探头的总计数率" .
   [1 0 0 0 0 0 0])
  ("衰变引起" .
   [1 0 0 0])
  ("为" .
   [2])
  ("tuidao1" .
   [1 0 0 0 0 0 0])
  ("tuidao4" .
   [3 0 0 0 0 0 0])
  ("为：" .
   [6 0])
  ("符合计数" .
   [1 0 0 0])
  ("+m" .
   [2 0])
  ("cb" .
   [1 0])
  ("rc" .
   [2 0])
  ("+" .
   [2])
  ("'" .
   [3])
  ("tuidao7" .
   [1 0 0 0 0 0 0])
  ("-m" .
   [1 0])
  ("tuidao2" .
   [1 0 0 0 0 0 0])
  ("tuidao6" .
   [1 0 0 0 0 0 0])
  ("tuidao9" .
   [1 0 0 0 0 0 0])
  ("2b" .
   [1 0])
  ("some" .
   [1 0 0 0])
  ("friend" .
   [1 0 0 0 0 0])
  ("Wang" .
   [2 0 0 0])
  ("uint32_t" .
   [0 0 1 2 3 0 0 1])
  ("ReadData" .
   [0 0 1 1 0 0 0 0])
  ("1024" .
   [3 0 0 0])
  ("fp" .
   [7 1])
  ("fprintf" .
   [0 0 0 0 1 0 0])
  ("(FILE *restrict __stream, const char *restrict __format)" .
   [0 0 0 0 0 0 0 0 0 0 0 0 0 0 0 0 0 0 0 0 0 0 0 0 0 0 0 0 0 0 0 0 0 0 0 0 0 0 0 0 0 0 0 0 0 0 0 0 0 0 0 0 0 0 0 1])
  ("fclose" .
   [0 0 0 0 1 1])
  ("fh" .
   [7 0])
  ("fscanf" .
   [0 0 0 1 0 1])
  ("(FILE *restrict __stream, const char *restrict __format, ...)" .
   [0 0 0 0 0 0 0 0 0 0 0 0 0 0 0 0 0 0 0 0 0 0 0 0 0 0 0 0 0 0 0 0 0 0 0 0 0 0 0 0 0 0 0 0 0 0 0 0 0 0 0 0 0 0 0 1 0 0 0 0 0])
  ("BufferSize" .
   [2 0 2 0 0 0 0 0 0 0])
  ("DataSize" .
   [0 0 0 0 0 0 0 1])
  ("ta" .
   [1 0])
  ("tb" .
   [2 0])
  ("tempstring" .
   [0 0 0 0 1 0 0 0 0 1])
  ("tempstring1" .
   [3 0 0 0 0 1 0 0 0 0 1])
  ("tempstring2" .
   [1 0 0 0 1 1 0 0 0 0 0])
  ("CAEN_DGTZ_DPP_ACQ_MODE_List" .
   [1 0 0 0 0 0 0 0 0 0 0 0 0 0 0 0 0 0 0 0 0 0 0 0 0 0 0])
  ("DPP" .
   [1 0 0])
  ("Run_Start_Stop_Delay" .
   [1 0 0 0 0 0 0 0 0 0 0 0 0 0 0 0 0 0 0 0])
  ("MAXNB" .
   [0 0 0 1 0])
  ("QuitProgram" .
   [1 1 0 0 0 0 0 0 0 0 0])
  ("here" .
   [1 0 0 0])
  ("Pu" .
   [2 0])
  ("Ning" .
   [2 0 0 0])
  ("of" .
   [14 0])
  ("the" .
   [26 0 0])
  ("TH1" .
   [1 0 0])
  ("CsI" .
   [3 0 1])
  ("Tl" .
   [4 0])
  ("PMT" .
   [2 0 0])
  ("Compare" .
   [0 0 1 0 0 0 0])
  ("times" .
   [2 0 0 0 0])
  ("137" .
   [1 0 0])
  ("光电倍增管的作用是" .
   [1 0 0 0 0 0 0 0 0])
  ("Tyvek" .
   [1 0 0 0 0])
  ("fig1" .
   [1 0 0 0])
  ("figure*" .
   [2 0 0 0 0 0 0])
  ("fig0" .
   [2 0 0 0])
  ("pic1" .
   [1 0 0 0])
  ("kTRUE" .
   [1 0 0 1 0])
  ("htbp" .
   [5 0 0 0])
  ("solidAl" .
   [1 0 0 0 0 0 0])
  ("logicAl" .
   [4 0 0 0 0 0 0])
  ("physAl" .
   [1 0 0 0 0 0])
  ("mark" .
   [3 0 0 0])
  ("ver" .
   [1 0 0])
  ("返回IP地址字符串" .
   [1 0 0 0 0 0 0 0 0])
  ("wuRunActionTimer" .
   [0 0 0 1 0 0 0 0 0 0 0 0 0 0 0 0])
  ("GetLocalIP" .
   [0 0 0 1 0 0 0 0 0 0])
  ("128" .
   [1 0 0])
  ("wuVRootManager" .
   [0 0 0 4 0 0 0 0 0 0 0 0 0 0])
  ("Abort" .
   [0 0 1 0 0])
  ("(Double_t d)" .
   [0 1 0 0 0 0 0 0 0 0 0 0])
  ("dir" .
   [1 0 0])
  ("sys" .
   [2 0 0])))
