((("255" .
   [1 0 0])
  ("wutest" .
   [0 0 0 4 0 0])
  ("argv" .
   [0 0 0 1])
  ("argc" .
   [0 0 0 1])
  ("wuSwap" .
   [2 0 0 0 0 0])
  ("wuSwapPtr" .
   [0 0 0 0 0 0 0 1 0])
  ("wuString" .
   [0 0 0 2 0 0 0 0])
  ("wuSwapObj" .
   [0 0 0 1 0 0 0 0 0])
  ("12" .
   [2 0])
  ("wuDouble" .
   [1 0 0 5 0 0 0 0])
  ("TH2D" .
   [2 0 0 0])
  ("TH2F" .
   [1 0 0 0])
  ("EkPre" .
   [0 0 1 0 0])
  ("zPre" .
   [0 0 1 0])
  ("color-theme-e101" .
   [0 0 0 0 0 0 0 0 0 0 0 0 1 0 0 0])
  ("color-theme" .
   [0 0 1 0 0 0 0 0 0 0 0])
  ("continue" .
   [0 0 0 0 1 0 0 0])
  ("buffer" .
   [2 0 1 0 0 0])
  ("256" .
   [1 0 0])
  ("fenge" .
   [0 0 1 6 0])
  ("incontinental" .
   [0 0 0 1 0 0 0 0 0 0 0 0 0])
  ("score" .
   [0 0 0 4 0])
  ("department" .
   [1 0 1 1 0 0 0 0 0 0])
  ("sex" .
   [2 0 0])
  ("student" .
   [2 0 0 0 0 0 26])
  ("Display" .
   [0 0 0 2 0 0 0])
  ("user_name" .
   [0 0 1 1 0 0 0 0 0])
  ("obj" .
   [1 0 0])
  ("MDerivedB" .
   [0 0 1 0 0 0 0 0 0])
  ("BaseA3" .
   [0 0 2 0 0 0])
  ("BaseA1" .
   [0 0 2 1 1 2])
  ("BaseA2" .
   [1 0 2 0 0 0])
  ("print" .
   [3 0 0 1 3])
  ("join" .
   [3 0 0 0])
  ("three" .
   [0 0 0 1 0])
  ("thread" .
   [1 0 0 0 0 3])
  ("source" .
   [0 0 0 0 3 0])
  ("dest" .
   [3 0 0 1])
  ("copy" .
   [2 0 0 0])
  ("fout" .
   [4 0 0 0])
  ("mult_regression" .
   [0 0 1 0 1 0 0 0 0 0 0 0 0 0 0])
  ("multi" .
   [0 0 0 1 1])
  ("break" .
   [2 0 2 4 1])
  ("flag" .
   [0 0 2 1])
  ("bubblesort" .
   [0 0 0 1 1 0 0 0 0 0])
  ("bsort" .
   [0 0 3 0 0])
  ("Math" .
   [0 0 4 0])
  ("ROOT" .
   [0 0 3 3])
  ("std_dev" .
   [1 0 0 2 0 0 1])
  ("mean_var" .
   [0 0 0 1 1 0 0 0])
  ("moments" .
   [0 0 0 2 0 0 0])
  ("MeanVar" .
   [0 0 2 2 0 0 0])
  ("var" .
   [4 0 1])
  ("xbar" .
   [0 0 4 3])
  ("rsq_" .
   [0 0 0 1])
  ("ifstream" .
   [0 0 2 0 0 0 0 0])
  ("log" .
   [6 0 0])
  ("exp" .
   [3 0 0])
  ("sum_" .
   [0 0 0 1])
  ("summations" .
   [1 0 0 0 6 0 0 0 0 0])
  ("malloc" .
   [1 0 0 0 0 0])
  ("20" .
   [3 0])
  ("10" .
   [2 0])
  ("100" .
   [2 0 0])
  ("abscomplex" .
   [0 0 0 2 0 0 0 0 0 0])
  ("imag" .
   [0 0 3 1])
  ("real" .
   [0 0 0 4])
  ("Complex" .
   [0 0 5 0 0 0 0])
  ("Delete" .
   [0 0 0 0 0 1])
  ("arr" .
   [6 0 0])
  ("exit" .
   [5 0 0 2])
  ("cerr" .
   [3 0 0 0])
  ("Insert" .
   [0 0 1 0 0 0])
  ("SeqLn" .
   [0 0 1 1 0])
  ("Len" .
   [2 0 0])
  ("nst" .
   [11 0 0])
  ("const" .
   [9 0 1 0 6])
  ("Square2" .
   [0 0 0 0 0 0 1])
  ("template" .
   [0 0 0 5 0 1 0 1])
  ("Square1" .
   [0 0 0 1 0 0 0])
  ("temp" .
   [18 0 1 3])
  ("aver" .
   [2 0 0 2])
  ("sum" .
   [28 0 3])
  ("maxmin" .
   [1 0 1 0 0 2])
  ("fun" .
   [10 0 0])
  ("header-mail" .
   [1 0 0 0 0 0 0 0 1 0 0])
  ("header" .
   [0 0 0 1 0 0])
  ("hs-minor-mode" .
   [0 0 1 0 0 0 0 0 0 0 0 0 0])
  ("private" .
   [0 0 1 16 0 0 7])
  ("ns" .
   [1 0])
  ("do" .
   [6 1])
  ("GetData" .
   [0 0 6 0 0 0 0])
  ("num" .
   [1 0 0])
  ("vector" .
   [1 0 1 3 0 0])
  ("close" .
   [1 0 0 0 1])
  ("new" .
   [43 0 0])
  ("A_After" .
   [0 0 1 0 0 0 0])
  ("A_temp" .
   [0 0 1 0 0 0])
  ("RzTheta" .
   [0 0 1 0 0 0 0])
  ("RyBeta_inv" .
   [0 0 0 0 0 0 0 1 0 0])
  ("RyBeta" .
   [0 0 2 0 0 0])
  ("T_inv" .
   [0 0 1 0 0])
  ("RxAlpha_inv" .
   [1 0 0 0 0 0 0 0 0 0 0])
  ("RxAlpha" .
   [0 0 0 0 0 0 1])
  ("DeletePointer" .
   [0 0 12 0 0 0 0 0 0 0 0 0 0])
  ("delete" .
   [6 0 3 15 3 10])
  ("string" .
   [8 0 0 1 0 0])
  ("char" .
   [19 0 1 0])
  ("i" .
   [2])
  ("Data" .
   [3 0 6 0])
  ("size" .
   [1 0 5 8])
  ("mmm" .
   [2 0 0])
  ("Date" .
   [0 0 1 0])
  ("cols" .
   [6 0 0 0])
  ("rows" .
   [2 0 1 0])
  ("Matrix" .
   [2 0 22 0 0 0])
  ("TF1" .
   [0 0 1])
  ("return" .
   [3 0 2 3 2 15])
  ("std" .
   [9 0 0])
  ("namespace" .
   [2 0 1 1 1 1 0 0 0])
  ("double" .
   [21 0 2 115 10 79])
  ("int" .
   [142 0 3])
  ("include" .
   [6 1 4 6 0 1 3])
  ("iostream" .
   [0 0 1 0 0 0 0 0])
  ("if" .
   [61 20])
  ("else" .
   [8 0 6 3])
  ("auto" .
   [0 0 2 0])
  ("struct" .
   [0 0 1 1 1 0])
  ("class" .
   [5 0 31 2 2])
  ("using" .
   [1 0 49 0 0])
  ("for" .
   [164 0 8])
  ("cout" .
   [162 0 0 8])
  ("100000" .
   [4 0 0 0 0 0])
  ("people1" .
   [0 0 1 0 0 0 0])
  ("Export" .
   [0 0 11 0 0 0])
  ("endl" .
   [133 0 0 0])
  ("sizeof" .
   [1 0 0 1 1 3])
  ("while" .
   [4 0 6 2 3])
  ("void" .
   [30 0 0 72])
  ("A_after" .
   [0 0 0 1 0 0 0])
  ("inc" .
   [107 1 2])
  ("beginend" .
   [0 0 1 0 0 0 0 0])
  ("once" .
   [1 0 1 1])
  ("main" .
   [11 0 26 7])
  ("time" .
   [6 0 0 0])
  ("why" .
   [3 0 1])
  ("wu" .
   [0 1])
  ("ifndef" .
   [0 0 1 0 0 0])
  ("file" .
   [1 0 0 0])
  ("filename" .
   [0 0 1 0 0 0 0 0])
  ("Point" .
   [1 0 11 0 0])
  ("GetPointx" .
   [0 0 1 0 0 0 0 0 0])
  ("Abs" .
   [0 0 2])
  ("max" .
   [2 0 0])
  ("min" .
   [3 0 0])
  ("pmax" .
   [4 0 0 0])
  ("pmin" .
   [4 0 0 0])
  ("Square" .
   [0 0 2 1 0 0])
  ("float" .
   [2 0 2 1 0])
  ("inta" .
   [1 0 0 0])
  ("doublea" .
   [0 0 0 0 1 0 0])
  ("带默认参数的函数" .
   [0 0 0 0 0 0 1 1])
  ("distance" .
   [0 0 0 0 0 0 0 2])
  ("Person" .
   [1 0 10 0 0 0])
  ("name" .
   [13 0 0 0])
  ("name1" .
   [2 0 0 0 0])
  ("age" .
   [6 0 0])
  ("strlen" .
   [1 0 0 0 0 0])
  ("strcpy" .
   [0 0 0 1 0 0])
  ("salary" .
   [3 0 0 0 0 0])
  ("display" .
   [0 0 0 0 0 0 3])
  ("1000" .
   [3 0 0 0])
  ("rsq_num" .
   [0 0 1 3 2 0 3])
  ("rsq_denom" .
   [0 0 1 3 2 1 0 0 3])
  ("y_model" .
   [0 0 12 0 2 0 0])
  ("pivrow" .
   [0 0 2 12 10 3])
  ("pivcol" .
   [1 0 0 20 7 14])
  ("polynomial" .
   [0 0 0 1 0 0 0 0 0 3])
  ("poly" .
   [2 0 0 0])
  ("input" .
   [1 0 0 3 0])
  ("poly_line" .
   [0 0 0 0 1 1 0 0 0])
  ("fin" .
   [13 0 0])
  ("sum1" .
   [6 0 0 0])
  ("sum2" .
   [15 0 0 0])
  ("sum3" .
   [6 0 0 0])
  ("sum4" .
   [6 0 0 0])
  ("sum5" .
   [12 0 0 0])
  ("pow" .
   [12 0 0])
  ("term1" .
   [3 0 0 1 0])
  ("term2" .
   [3 0 0 1 0])
  ("term3" .
   [3 0 0 0 1])
  ("term4" .
   [3 0 0 0 2])
  ("pivot" .
   [1 0 0 7 13])
  ("fabs" .
   [6 0 0 1])
  ("iftream" .
   [0 0 1 0 0 0 0])
  ("aik" .
   [6 0 0])
  ("sum6" .
   [8 0 0 0])
  ("alpha" .
   [1 0 0 4 1])
  ("sum7" .
   [6 0 0 0])
  ("r_sq" .
   [0 0 8 0])
  ("rsq" .
   [7 0 1])
  ("-rf" .
   [1 0 0])
  ("cmake" .
   [1 0 0 0 0])
  ("make" .
   [1 0 0 0])
  ("bin" .
   [1 0 0])
  ("sum_x" .
   [1 0 0 3 5])
  ("sum_y" .
   [0 0 0 1 7])
  ("sum_xsq" .
   [0 0 0 1 1 0 2])
  ("sum_xy" .
   [0 0 0 1 1 2])
  ("regression" .
   [0 0 0 2 0 0 0 0 1 11])
  ("choice" .
   [0 0 0 6 3 1])
  ("curvefit" .
   [0 0 0 10 0 0 0 0])
  ("regression_input" .
   [0 0 1 1 0 0 0 0 0 0 0 0 0 0 0 0])
  ("sline" .
   [0 0 0 2 0])
  ("exp1" .
   [2 0 0 0])
  ("exp2" .
   [2 0 0 0])
  ("exp3" .
   [1 0 1 0])
  ("power" .
   [0 0 0 1 1])
  ("logarithmic" .
   [0 0 0 1 0 0 0 0 0 0 1])
  ("square_root" .
   [0 0 1 0 0 0 0 0 0 0 1])
  ("one_third" .
   [0 0 0 1 0 0 0 0 1])
  ("inverse" .
   [0 0 0 2 0 0 0])
  ("qsort" .
   [1 0 7 1 0])
  ("sort" .
   [5 0 1 4])
  ("sorting" .
   [1 0 5 0 0 0 2])
  ("cin" .
   [6 0 0])
  ("quicksort" .
   [0 0 0 4 0 0 0 0 0])
  ("left" .
   [1 0 14 0])
  ("r_h" .
   [1 0 1])
  ("right" .
   [0 0 11 1 0])
  ("pivot_loc" .
   [0 0 1 1 0 0 0 0 3])
  ("l_h" .
   [0 0 1])
  ("d_n" .
   [3 0 2])
  ("d_i" .
   [6 0 0])
  ("d_x" .
   [2 0 0])
  ("data" .
   [9 0 7 6])
  ("d_y" .
   [1 0 0])
  ("try" .
   [0 0 1])
  ("sortdata" .
   [0 0 1 0 0 0 0 0])
  ("ro_data" .
   [0 0 2 0 0 0 0])
  ("midpos" .
   [0 0 1 2 0 1])
  ("qqq" .
   [2 0 0])
  ("protected" .
   [0 0 0 5 0 0 0 0 0])
  ("sqrt" .
   [1 0 1 0])
  ("temp1" .
   [3 0 0 0 0])
  ("DBL_MAX" .
   [1 0 1 2 0 0 0])
  ("number" .
   [0 0 1 1 2 1])
  ("average" .
   [0 0 1 3 2 0 0])
  ("standard_deviation" .
   [0 0 1 0 0 0 0 0 0 0 0 0 0 0 0 0 0 2])
  ("Qsort" .
   [0 0 1 0 0])
  ("mid_value" .
   [0 0 0 3 0 0 0 0 1])
  ("INT_MAX" .
   [1 0 2 1 1 0 0])
  ("peak1" .
   [5 0 0 1 1])
  ("peak2" .
   [5 0 1 0 0])
  ("peak" .
   [0 0 0 1])
  ("XYZVector" .
   [0 0 1 0 0 0 0 0 0])
  ("TVector" .
   [0 0 1 0 0 0 1])
  ("tv1" .
   [4 0 0])
  ("tv2" .
   [5 0 0])
  ("TMath" .
   [0 0 4 0 0])
  ("ccc" .
   [1 0 0])
  ("isort" .
   [0 0 4 0 0])
  ("insertion_sort" .
   [0 0 0 2 0 0 0 0 0 0 0 0 0 0])
  ("ssort" .
   [0 0 2 0 0])
  ("shell_sort" .
   [0 0 1 1 0 0 0 0 0 0])
  ("multiple" .
   [0 0 1 2 0 0 0 1])
  ("cumulative" .
   [0 0 0 2 0 0 0 0 0 0])
  ("distribution" .
   [0 0 0 1 0 0 0 0 0 0 0 0])
  ("cumul" .
   [0 0 0 1 1])
  ("doublecmp" .
   [0 0 0 1 1 0 0 0 0])
  ("interval" .
   [0 0 0 0 4 0 0 0])
  ("upplim" .
   [0 0 0 4 0 0])
  ("counter" .
   [0 0 0 0 3 0 0])
  ("frac" .
   [0 0 0 3])
  ("Gauss消去法程序。" .
   [0 0 0 0 0 2 0 0 0 0 0])
  ("gauss" .
   [0 0 2 0 11])
  ("solution" .
   [0 0 3 2 1 0 0 0])
  ("gauss_input" .
   [0 0 0 0 0 0 2 0 0 0 2])
  ("gauss_elimination" .
   [0 0 1 1 0 0 2 1 0 0 0 0 0 0 0 0 0])
  ("gauss_output" .
   [0 0 2 0 0 0 1 0 0 1 0 0])
  ("eps" .
   [4 0 1])
  ("ratio" .
   [0 0 2 0 0])
  ("enum" .
   [2 0 0 1])
  ("color" .
   [1 0 0 1 0])
  ("red" .
   [4 0 0])
  ("black" .
   [1 0 0 3 0])
  ("loop" .
   [4 0 0 0])
  ("switch" .
   [1 0 0 1 0 0])
  ("case" .
   [3 0 0 4])
  ("ball" .
   [4 0 0 0])
  ("default" .
   [0 0 0 2 0 0 0])
  ("yellow" .
   [0 0 1 0 0 0])
  ("setw" .
   [4 0 0 0])
  ("blue" .
   [1 0 0 0])
  ("white" .
   [0 0 0 0 1])
  ("ptr" .
   [2 0 0])
  ("public" .
   [0 0 5 0 0 0])
  ("Base" .
   [0 0 2 0])
  ("200" .
   [1 0 0])
  ("Derive" .
   [0 0 0 0 0 1])
  ("指针访问形式" .
   [0 0 1 0 0 0])
  ("公有成员" .
   [2 0 0 0])
  ("对象指针变量名" .
   [1 0 0 0 0 0 0])
  ("wuhongyi" .
   [4 0 3 0 0 0 0 1])
  ("GetPoint_x" .
   [0 0 1 0 0 0 0 0 0 0])
  ("doo" .
   [1 0 0])
  ("1000000" .
   [3 0 0 0 0 0 0])
  ("mythread" .
   [0 0 0 0 0 0 0 4])
  ("foo" .
   [1 0 0])
  ("1000000000" .
   [1 0 0 0 0 0 0 0 0 0])
  ("mythread3" .
   [1 0 0 0 0 0 0 0 0])
  ("too" .
   [1 0 0])
  ("tooo" .
   [1 0 0 0])
  ("virtual" .
   [0 0 0 1 0 0 0])
  ("static" .
   [1 0 0 0 0 0])
  ("Test" .
   [1 0 0 1])
  ("fun1" .
   [2 0 0 0])
  ("student0" .
   [1 0 0 0 0 0 0 0])
  ("student1" .
   [2 0 0 0 0 0 0 0])
  ("id" .
   [2 0])
  ("95" .
   [2 0])
  ("05030100" .
   [2 0 0 0 0 0 0 0])
  ("1" .
   [1])
  ("2" .
   [1])
  ("3" .
   [1])
  ("lu_decomposition" .
   [0 0 0 1 0 0 0 0 0 0 0 0 0 0 0 0])
  ("lu_output" .
   [0 0 0 1 0 0 0 0 0])
  ("flagParticle" .
   [1 0 0 0 0 0 0 0 0 0 0 0])
  ("TFile" .
   [0 0 1 0 0])
  ("TTree" .
   [0 0 1 0 0])
  ("Process" .
   [0 0 0 0 1 0 0])
  ("GetEntry" .
   [0 0 0 0 1 0 0 1])
  ("entry" .
   [0 0 1 0 0])
  ("Circle" .
   [0 0 1 2 0 0])
  ("wuclass" .
   [0 0 1 0 2 0 0])
  ("bool" .
   [1 0 0 0])
  ("umax" .
   [2 0 0 1])
  ("umin" .
   [2 0 0 1])
  ("aaa" .
   [6 0 0])
  ("push_back" .
   [0 0 2 0 0 0 0 0 0])
  ("analysis" .
   [0 0 1 0 0 0 0 0])
  ("temp100" .
   [2 0 3 2 0 0 0])
  ("myoutput" .
   [1 0 1 2 0 0 0 3])
  ("clear" .
   [0 0 0 1 0])
  ("text" .
   [1 0 0 0])
  ("typedef" .
   [0 0 1 0 0 0 1])
  ("wuLRint" .
   [0 0 0 0 1 0 0])
  ("wuLint" .
   [0 0 0 1 0 0])
  ("wuRint" .
   [0 0 0 1 0 0])
  ("wuMessage" .
   [0 0 0 1 0 0 0 0 0])))
